69556248830819034910076122450735875649
41352685746759091231900582489255000931
178484340141855226065256394616668738711
169717738037462455817122179777269217331
181281854599626686499087714128697159313
96601381956879033574896679994718899789
23104333341791332584098101912787443219
310919860060746867703817251914501305237
298550452380029816685602007852654013861
165958202358190152953403514442483413409
117160404633175306637561679559568695801
253279219986573945234101288199784205773
316804355167407385028063392654545557891
323471164997033707408933559337727454851
162850635566372421058445779514541227911
55013205013644643438587346656624879569
107490024855091266147039298163963762513
89793867427813768087374432663729798997
189268563447666571524957876281309617163
48863832797734251680412428590674455059
300578684422085164222070872128537976517
167377480656352184026884229315675699169
324580736137228127742256665593324184889
249700629640423329301085051564129421641
179832773261031848598834487201171353017
136872375923452799473186202696372190283
67590149101416701824668427577158063129
203856560709311980877122818295240077857
381698914253470863807172651226499413
216018420725237754015110375868988933031
213109126599805453868151148360397228191
13651470446112794606467113866402220511
219778000165405581016810857280846987877
65099872547106029821485823154711840053
201502526580796522205151401932432974193
303731079770662386804485858801709101203
220466623461535790495954204948660311097
178718127994809901964463012352561626253
22975899767564505030669009969641281723
262425625178836180927329952143322162547
168124917690327299326499854468591003123
84098725508503523844602007593271252641
228883205574445432796668333157281395869
229278537909280509502554737143186693159
118776042447655763499103733538892709143
309580924503864738293935180821537200209
79123500504837650503751932926299230271
77769291245572146568505998769082931859
149193911570164115688625140928774230397
115035398409861371159956962212630459639
