1975089013937667192216247123489388309
236289155272613887828442371928770406681
11006308590232860256952342918852710921
32852895092931834362646534769837194857
98406106336718329505273095983602998919
129780047164987644606418879995133255477
146955297819484395230751935339449380323
183730695829853904657529538238189154441
49558059059822646029898281554371864097
51385514630780846411189494829404829741
226865134983421263919939078731440147437
254209809782896593237328273645514410129
214018210355187140419384079285838832499
117349785979873149298043810900426255387
225435390024039862435760585941203398909
211245001134415677983529894526963754261
241741872997217964052394815498949889373
6510311431747332819637648055137282759
208240808240724576524389341544688235469
145898158839364354284845507232149564587
216878081783152433703365371623854179363
166679173331478314188735503734029567127
40634608449059910100837806715146667999
175458407579146492790328232668043878097
217405027065421880557279139907442370299
50724091906978802682883024305623960951
214559445880024062414463237005696865729
133397730583772845529721047250950384441
120082034573073508173798682535016871681
140343114030764620280956469646226269121
262853777891573677062589245124416781807
87144536066662807407580986069900189161
46197491351927519386689397793466826813
133024257048731976425962606130462510539
181103630203734232551112066640131783439
168512451503476270864737925473743170493
258493584839357858310612457419491269873
194359693392913279076357658225796195907
119204521793884407054415249195741492529
36713914665479720208400451912295356267
155521319341882273729918355386726283903
163094259365550339159741301443552564433
2517932507969368422129804951607671143
80149806582142993122916582141658559749
243932947037948590901252118601044899753
263710306128512383665900790559152652117
151139708190532327137201148047176839973
83571486658738178772943485954704529031
218283090456701941437100819845655438543
259448846447117909977761535539570059801
